100 100 6856322
100 144 2018553
100 196 1334527
100 256 1190585
100 324 1235842
100 400 1785633
1000 1600 1841157
1000 3600 2257341
1000 6400 2673595
1000 10000 3382136
1000 14400 2922859
1000 19600 4962784
1000 25600 5613775
1000 32400 19526585
1000 40000 1604325
10000 40000 2309024
10000 160000 2951564
10000 360000 4126015
10000 640000 4889242
10000 1000000 6431268
10000 1440000 18963525
10000 1960000 10440579
10000 2560000 13975598
10000 3240000 13654956
10000 4000000 15500303
10000 40000 1785983
10000 160000 2564154
10000 360000 3416009
10000 640000 5878264
10000 1000000 6279153
10000 1440000 8551860
10000 1960000 10137957
10000 2560000 11910459
10000 3240000 12635761
10000 4000000 13142321
100000 4000000 26687625
100000 16000000 63877639
100000 36000000 123488881
